0 62.54 133.36 94719.8
0 132.64 126.64 158037.5
0 87.32 97.76 50163.5
0 58.99 42.04 17653.0
1 45.27 138.88 15207.5
1 62.68 133.42 98822.3
1 132.65 126.67 146704.2
1 56.93 113.15 25943.2
1 87.16 98.13 10329.2
1 58.73 42.07 47259.3
1 30.00 38.45 10206.4
2 62.65 133.33 89696.4
2 132.59 126.65 168114.0
2 58.73 42.15 53072.9
3 62.66 133.34 95694.4
3 132.70 126.58 121215.2
3 58.73 42.23 27993.9
4 125.11 138.70 9460.5
4 62.62 133.32 104280.3
4 36.80 100.53 13265.4
4 131.60 95.12 1841.9
4 97.52 95.03 25377.2
4 58.72 42.17 38900.4
5 62.64 133.37 101191.1
5 138.00 118.86 36831.3
5 33.35 110.27 31841.0
5 97.56 94.69 15094.9
5 38.74 55.96 7828.4
5 58.66 42.28 105036.4
6 62.66 133.35 102955.3
6 15.54 126.57 132895.1
6 58.12 123.40 47158.8
6 33.23 110.54 34832.4
6 120.85 82.96 64149.6
6 58.67 42.26 161486.8
7 62.69 133.35 91271.8
7 15.65 126.54 131582.8
7 58.08 123.32 130905.8
7 33.13 110.57 38635.8
7 27.64 69.05 90154.7
7 58.64 42.22 168970.7
8 62.64 133.37 94826.0
8 15.64 126.56 133896.4
8 58.04 123.26 135254.0
8 33.17 110.64 31138.6
8 44.13 92.10 115504.8
8 73.40 91.83 19308.4
8 27.56 68.90 112477.3
8 121.28 56.12 154927.7
8 58.62 42.04 66182.4
9 62.70 133.33 94895.3
9 116.24 131.04 52668.4
9 15.64 126.57 127074.1
9 58.14 123.28 146750.1
9 73.27 92.02 19109.2
9 44.09 92.10 107096.0
9 27.55 69.00 120916.4
9 121.22 56.16 64884.9
9 19.42 42.73 58122.5
10 62.65 133.34 100044.9
10 116.13 131.16 27282.0
10 15.60 126.67 132871.6
10 58.01 123.33 136829.5
10 39.05 114.56 9820.5
10 53.39 75.53 97732.7
10 27.54 68.92 126471.0
10 37.96 30.07 60261.4
11 62.63 133.37 102570.2
11 49.86 130.74 41237.4
11 15.68 126.58 124101.2
11 58.11 123.34 135422.8
11 53.46 75.53 174823.6
11 27.50 68.96 112039.3
12 62.74 133.34 110088.5
12 49.77 130.69 126855.2
12 15.73 126.60 33134.4
12 58.04 123.37 129169.6
12 56.52 99.05 74272.8
12 97.65 94.76 63179.6
12 109.54 91.18 129165.2
12 53.41 75.52 169392.8
12 27.46 68.97 123336.0
12 7.96 66.19 114191.8
12 95.18 17.53 89266.7
13 62.63 133.38 84637.4
13 49.74 130.79 121534.5
13 56.43 99.06 28549.0
13 97.55 94.93 92237.2
13 109.59 91.20 115205.9
13 48.18 82.92 33690.3
13 53.42 75.54 160709.4
13 27.53 69.00 119851.1
13 8.03 66.15 65071.4
13 70.38 37.36 26131.1
14 62.69 133.36 80962.5
14 49.71 130.73 60356.1
14 56.53 99.02 137553.5
14 13.65 92.12 25150.0
14 109.55 91.16 128374.7
14 53.41 75.58 176856.3
14 27.53 69.05 127646.2
14 134.12 62.71 170760.8
15 62.72 133.39 70454.8
15 8.29 121.08 107259.0
15 56.35 98.88 28754.4
15 109.60 91.23 121890.5
15 43.72 87.88 35708.8
15 32.21 81.32 33133.4
15 53.44 75.56 177262.4
15 27.55 69.01 118651.6
15 134.18 62.52 36612.5
15 50.19 53.34 68082.2
16 49.12 129.76 24082.6
16 8.33 121.06 130656.7
16 109.55 91.21 111840.4
16 43.85 87.82 107108.4
16 53.44 75.57 138163.5
16 27.59 69.03 97752.5
16 50.09 53.93 20086.5
16 101.61 51.20 20489.4
17 127.81 129.08 30854.6
17 109.52 91.16 119377.3
17 43.80 87.86 108752.3
17 61.98 83.91 47139.3
17 97.51 83.74 16382.7
17 53.43 75.55 181861.7
17 27.59 68.97 102979.8
18 109.52 91.17 136484.0
18 43.73 87.88 155139.7
18 62.04 84.07 151606.3
18 53.37 75.55 173521.3
18 27.53 69.00 47522.9
18 140.20 47.59 42990.7
19 109.59 91.33 114058.7
19 43.83 87.88 149322.3
19 61.97 84.06 141220.8
19 121.40 78.53 26325.0
19 53.41 75.56 155074.2
19 65.76 59.37 43176.9
20 73.01 114.20 69004.3
20 100.19 107.19 42585.9
20 122.58 90.87 35434.4
20 43.83 87.85 145499.0
20 61.99 84.03 124850.9
20 53.43 75.49 178725.6
20 123.12 70.13 164410.5
20 117.50 43.45 52133.7
20 29.28 19.25 114392.3
21 73.04 114.11 138349.2
21 100.26 107.09 48270.0
21 122.57 90.58 272557.4
21 43.75 87.89 145738.9
21 53.44 75.56 174486.9
21 29.32 19.20 157826.7
22 73.06 114.18 155238.6
22 100.21 107.29 46831.3
22 43.76 87.91 140823.1
22 77.66 84.60 17719.5
22 57.37 79.71 104095.5
22 18.25 62.70 121709.7
22 29.32 19.25 165608.3
23 73.05 114.15 147499.5
23 100.19 107.15 50066.3
23 43.76 87.85 144062.4
23 10.44 83.82 15898.2
23 57.37 79.70 98291.6
23 62.36 75.92 94891.3
23 18.22 62.72 145499.1
23 89.86 54.28 116529.2
23 25.99 54.43 28620.0
23 95.88 50.52 93779.0
23 29.31 19.22 151468.2
24 73.08 114.11 147397.8
24 100.08 107.12 56093.6
24 43.76 87.88 119520.0
24 57.43 79.71 101652.3
24 18.30 62.79 141168.3
24 89.89 54.20 151284.8
24 95.92 50.35 205376.2
24 29.30 19.20 158781.6
25 96.07 128.66 22107.1
25 58.23 123.31 29971.4
25 73.06 114.13 149971.3
25 100.29 107.29 42230.0
25 57.40 79.71 86380.2
25 18.28 62.74 134098.8
25 89.91 54.27 147646.3
25 95.95 50.40 194388.9
25 29.38 19.20 171198.2
26 58.08 123.25 118350.0
26 73.11 114.13 146474.5
26 56.45 98.94 49926.4
26 57.48 79.68 103145.0
26 18.26 62.76 147048.2
26 89.91 54.31 148799.2
26 95.91 50.42 230326.2
26 127.16 36.18 55253.0
26 40.79 23.35 28820.9
26 29.31 19.15 54350.8
27 33.87 132.81 255096.8
27 58.14 123.28 118840.3
27 73.03 114.08 138745.5
27 56.50 99.00 127193.4
27 18.26 62.67 150400.8
27 89.89 54.23 139679.5
27 100.32 46.37 353742.9
27 127.12 36.06 37945.7
27 40.71 23.30 114891.6
28 58.07 123.28 35552.9
28 73.08 114.07 133892.2
28 56.46 98.96 42939.1
28 126.37 72.29 29075.4
28 18.23 62.72 135823.4
28 12.44 58.41 35528.8
28 89.87 54.24 133174.7
28 95.95 50.36 224595.4
28 108.35 35.59 21867.1
28 129.43 31.59 44239.5
28 46.77 23.63 89481.3
28 40.68 23.32 101313.5
29 73.10 114.13 147101.6
29 112.13 97.20 70540.6
29 18.21 62.71 137676.3
29 12.45 58.47 193256.6
29 89.92 54.20 103291.7
29 95.96 50.37 225925.8
29 129.30 31.58 119057.5
29 70.05 23.84 31805.2
29 46.80 23.61 165684.8
29 40.69 23.33 100486.4
30 7.72 134.50 128404.3
30 78.70 124.68 50786.1
30 8.07 117.32 87907.4
30 73.07 114.16 164297.8
30 112.10 97.25 138261.8
30 126.15 85.02 169895.4
30 116.83 64.77 60712.7
30 18.19 62.69 147617.0
30 27.97 59.10 241937.5
30 12.48 58.62 146016.9
30 95.97 50.35 137042.5
30 104.37 36.23 132475.0
30 129.28 31.54 68834.7
30 46.69 23.59 177577.9
30 40.75 23.35 122829.2
30 88.93 20.65 41466.3
31 7.77 134.53 137874.8
31 8.06 117.33 139683.4
31 73.14 114.22 27090.1
31 125.91 84.95 210589.9
31 77.85 72.29 25752.0
31 117.37 71.65 62318.4
31 12.42 58.55 53509.4
31 100.43 46.36 173237.2
31 104.27 36.28 167770.6
31 46.77 23.64 160320.8
31 40.71 23.45 84367.0
32 7.82 134.39 22490.6
32 8.02 117.27 150036.0
32 77.44 72.80 71034.7
32 77.18 59.24 12254.8
32 69.76 48.21 28836.6
32 104.40 36.26 161938.6
32 46.75 23.62 163462.0
32 40.78 23.39 109556.1
33 69.32 140.06 20682.4
33 8.09 117.30 147309.1
33 75.45 115.10 62293.1
33 69.08 49.79 77815.4
33 104.36 36.26 158576.2
33 46.79 23.61 159454.2
34 8.05 117.38 139801.9
34 139.90 106.22 33751.6
34 33.64 59.81 13319.8
34 46.76 23.53 169368.9
35 69.07 140.07 145128.3
35 65.97 130.01 14520.8
35 8.08 117.33 142834.0
35 36.57 94.00 50990.0
35 37.78 80.86 152331.0
35 46.76 23.62 163617.5
36 69.12 140.00 68101.9
36 65.81 129.83 20653.3
36 8.11 117.29 150702.2
36 37.78 80.77 164880.0
36 65.58 75.74 121432.6
36 33.51 39.82 123413.5
36 100.06 38.27 13012.8
36 46.75 23.62 121620.6
36 40.80 23.19 143980.2
36 102.23 10.96 72856.1
37 8.06 117.36 139857.9
37 89.40 92.76 88445.7
37 37.78 80.79 158953.2
37 65.75 75.77 42895.3
37 22.82 50.02 36522.1
37 33.53 39.86 87828.0
37 122.66 29.06 143950.0
37 40.82 22.96 108187.5
37 102.12 10.91 162630.8
38 8.09 117.31 143795.0
38 69.90 115.76 77842.0
38 12.63 97.97 18610.7
38 89.51 92.73 141447.4
38 37.77 80.84 164066.5
38 122.65 29.06 144329.7
38 40.66 23.30 80672.2
38 102.13 10.95 176946.4
39 8.06 117.32 146451.2
39 69.90 115.77 142660.5
39 89.43 92.76 155930.4
39 37.79 80.86 165626.3
39 122.60 29.09 154300.7
39 102.15 10.95 195361.4
40 8.05 117.40 152149.6
40 69.87 115.78 143782.3
40 89.44 92.80 108672.4
40 37.82 80.92 155447.3
40 122.62 29.03 139297.2
40 102.09 10.98 174180.3
40 84.21 8.13 140631.2
41 8.06 117.28 142468.7
41 69.83 115.77 131466.8
41 59.75 93.59 81356.4
41 37.78 80.84 199393.5
41 102.15 10.99 123569.9
41 86.67 7.61 118367.7
42 7.97 117.32 147945.7
42 111.11 108.35 14181.8
42 37.75 80.86 166380.3
42 26.80 45.73 40792.0
42 88.78 7.22 135699.3
43 8.08 117.31 138929.9
43 37.72 80.85 148074.7
43 26.76 45.52 32344.5
43 69.34 10.29 63469.8
44 42.40 138.25 15503.3
44 8.05 117.39 148714.8
44 69.36 10.49 51948.0
44 43.44 10.78 18376.6
45 8.11 117.33 155028.9
45 56.52 112.74 77064.0
45 110.89 108.22 9452.4
45 69.39 10.47 68941.0
46 80.17 138.83 91117.7
46 8.01 117.34 142224.9
46 56.40 112.79 157122.0
46 69.38 10.43 47650.4
47 80.11 138.86 127910.2
47 8.08 117.39 147085.2
47 56.47 112.73 152759.2
47 69.44 10.52 111856.4
48 80.16 138.86 127585.6
48 8.11 117.36 148792.0
48 56.47 112.74 144579.4
48 6.09 108.90 79437.3
49 80.15 138.89 123590.0
49 56.49 112.80 154230.4
49 6.02 108.83 128789.7
49 90.72 86.24 6381.5
49 21.17 47.67 102719.8
49 76.90 14.73 40813.8
50 80.07 138.86 121333.2
50 50.34 136.23 14671.2
50 56.49 112.75 168495.3
50 5.98 108.80 120282.4
50 21.13 47.66 153945.3
51 80.17 138.92 124145.9
51 56.46 112.72 170530.9
51 34.99 78.34 73015.2
51 21.14 47.68 151159.9
51 131.62 41.16 174287.5
52 80.14 138.80 51526.0
52 139.16 119.92 18772.6
52 56.44 112.80 147429.4
52 21.09 47.65 147078.5
52 99.09 45.28 57032.3
52 131.53 41.52 12366.4
53 76.16 131.85 14392.1
53 56.45 112.86 143455.1
53 16.90 105.99 21649.4
53 37.68 80.66 27727.8
53 121.63 59.96 159946.0
53 89.64 54.32 22119.8
53 54.05 51.40 34655.2
53 21.13 47.67 147811.0
53 117.62 12.93 119536.6
54 56.46 112.78 158851.2
54 37.75 80.89 141872.1
54 121.67 60.05 213805.1
54 89.87 54.35 119604.4
54 21.11 47.66 152977.6
54 117.70 12.98 58225.9
55 56.44 112.76 154989.2
55 94.64 91.37 11900.3
55 37.79 80.85 165842.3
55 121.59 59.85 49529.4
55 21.11 47.65 139602.2
55 133.91 17.45 85194.3
56 56.46 112.77 93881.0
56 33.68 99.24 67730.3
56 37.73 80.86 160455.3
56 21.10 47.70 134729.3
57 33.72 99.21 128852.4
57 38.20 80.63 6947.0
57 21.13 47.70 134271.9
57 39.57 42.99 20661.8
58 111.22 101.93 120217.8
58 21.13 47.70 153081.8
58 87.96 27.27 58941.6
58 13.66 17.56 60346.2
58 113.59 11.49 131573.7
59 139.30 107.85 38852.1
59 111.15 101.99 145064.2
59 21.10 47.64 136229.8
59 106.36 37.21 19863.6
59 72.08 37.41 96554.7
59 88.00 27.20 148120.9
59 113.49 11.58 23111.2
60 139.49 107.78 117529.3
60 111.23 102.00 143918.6
60 21.07 47.66 142276.6
60 72.15 37.45 95823.0
60 113.86 11.35 13087.7
61 111.14 102.04 149790.2
61 21.12 47.68 133855.1
61 72.17 37.42 79678.8
61 113.52 11.44 21249.4
61 90.71 4.86 37732.2
62 111.12 101.97 136177.3
62 72.18 37.59 89280.4
62 59.61 15.14 26209.9
62 113.59 11.45 24505.1
63 111.28 102.06 97760.3
63 72.10 37.35 117385.9
63 113.60 11.62 34493.5
64 111.25 102.01 144898.0
64 66.12 81.09 180597.4
64 72.18 37.47 107858.0
64 113.43 11.32 97434.8
65 76.50 133.30 114425.7
65 70.02 114.96 33577.4
65 111.21 101.98 145381.3
65 73.29 91.83 70871.4
65 66.16 81.01 169625.5
65 43.12 71.16 140704.7
65 72.12 37.43 102877.9
66 76.59 133.38 115574.2
66 69.79 115.21 128304.2
66 111.17 101.98 135400.8
66 73.27 91.80 220962.8
66 82.63 85.40 77826.5
66 66.14 81.00 176175.4
66 43.17 71.16 141311.8
66 72.08 37.44 98633.2
67 69.83 115.05 44395.8
67 111.17 101.97 139155.6
67 73.27 91.84 210773.8
67 66.13 81.06 185493.0
67 43.10 71.18 130944.8
67 72.07 37.48 88503.8
68 114.55 101.96 124044.4
68 66.16 81.06 182200.6
68 39.87 66.84 142798.2
68 54.26 52.89 40600.6
68 72.21 37.42 83708.5
68 114.51 32.05 32540.3
68 80.33 33.02 35746.7
69 111.15 101.94 145886.6
69 105.53 93.70 121847.3
69 66.11 81.11 91145.1
69 6.07 73.65 62753.4
69 39.67 66.80 193849.8
69 93.48 37.66 109751.4
69 72.13 37.42 81468.4
69 80.26 33.21 109021.2
69 60.69 11.36 72489.1
70 111.14 102.00 155090.5
70 105.54 93.77 95941.2
70 39.73 66.86 30017.5
70 50.93 54.20 29550.4
70 93.48 37.62 137791.4
70 72.08 37.51 115811.6
70 60.67 11.37 132527.3
70 84.12 8.08 97684.5
71 111.17 101.90 150112.9
71 93.58 37.62 144694.6
71 72.22 37.45 102697.4
71 60.69 11.33 127936.4
71 83.06 8.85 147557.1
72 123.09 119.56 174088.0
72 111.22 101.97 150339.8
72 137.11 69.48 163866.7
72 72.12 37.35 53276.4
72 60.72 11.40 34663.4
72 83.08 8.78 175324.8
73 123.12 119.62 163433.4
73 111.17 101.96 127409.2
73 38.03 81.31 76269.1
73 137.15 69.55 224529.7
73 107.34 56.12 54522.2
73 126.77 36.70 47974.5
73 83.38 8.60 179750.9
74 137.64 127.90 112535.2
74 123.09 119.65 79679.9
74 139.51 107.75 28807.8
74 62.07 84.04 32488.6
74 38.05 81.22 55152.3
74 137.10 69.48 209247.8
74 107.28 56.20 82429.7
74 126.72 36.55 167473.5
74 84.24 8.06 156782.7
75 56.37 134.24 118854.9
75 137.58 127.83 159980.7
75 25.06 99.10 17707.1
75 137.34 69.63 28205.4
75 126.72 36.59 168113.0
75 84.25 8.09 99444.4
76 56.32 134.14 137607.2
76 137.59 127.88 158683.7
76 25.03 99.19 85155.2
76 126.71 36.63 162280.5
76 53.49 10.27 61885.4
77 56.33 134.21 34907.5
77 137.68 127.82 93084.4
77 15.74 126.95 12590.8
77 37.86 103.03 25437.6
77 25.16 98.73 10195.0
77 18.56 76.72 43895.8
77 77.08 60.02 56172.9
77 126.69 36.58 172212.7
78 137.76 127.82 100910.8
78 15.58 126.63 146200.4
78 37.83 103.06 54220.1
78 18.48 76.60 143825.8
78 79.46 65.59 131777.2
78 77.11 60.14 113046.4
78 126.82 36.55 50098.8
79 137.62 127.85 101164.6
79 15.70 126.58 122893.2
79 103.39 114.28 27310.2
79 18.51 76.69 101385.8
79 79.48 65.56 101156.3
79 77.03 60.10 118847.4
80 137.65 127.89 97979.1
80 15.57 126.65 138158.8
80 77.09 59.99 129524.2
81 137.60 127.81 93032.1
81 15.54 126.60 130614.0
81 77.16 60.07 123167.0
82 54.84 132.74 39492.1
82 137.57 127.82 95097.3
82 15.54 126.57 139623.0
82 110.24 85.08 342930.7
82 77.07 59.94 132794.6
82 35.04 57.66 34846.0
83 54.86 132.66 53105.0
83 137.63 127.75 93174.0
83 59.31 112.58 28714.3
83 89.61 96.63 98209.4
83 110.19 85.05 356646.6
83 77.05 60.03 132564.9
83 35.07 57.67 144937.0
84 137.47 127.78 19021.6
84 89.53 96.67 140441.0
84 77.13 60.00 143494.3
84 34.96 57.79 16276.1
84 58.10 37.47 172967.7
84 59.89 5.12 26272.1
85 89.47 96.56 134525.4
85 76.98 60.05 121294.4
85 59.89 28.63 135941.6
85 137.07 9.70 33016.0
85 59.90 5.25 72644.6
86 89.49 96.56 132656.8
86 77.09 59.94 134203.0
86 133.84 28.85 28850.5
86 59.90 28.63 175972.4
86 136.98 9.70 57611.0
87 73.03 128.37 62019.8
87 89.61 96.61 137481.8
87 77.08 60.05 146354.8
87 129.98 57.41 88875.8
87 59.85 28.66 163486.6
87 137.09 9.63 26918.9
88 89.54 96.66 131449.2
88 97.53 94.85 147082.1
88 77.04 60.03 138680.3
88 20.48 47.86 81345.4
88 59.79 28.67 163558.7
89 89.55 96.61 121805.7
89 97.55 94.81 142156.4
89 77.12 59.99 138602.1
89 20.57 47.80 61256.9
89 59.88 28.59 169116.2
90 89.61 96.50 143421.1
90 77.07 60.03 112360.8
90 24.49 55.49 38502.9
90 59.84 28.65 154516.8
91 137.65 113.71 77802.0
91 89.49 96.55 135192.8
91 18.92 75.59 31056.8
91 24.41 55.44 199718.3
91 117.54 12.93 21394.1
92 137.74 113.67 122828.9
92 89.59 96.65 133196.1
92 24.39 55.42 63620.4
93 89.49 96.61 134451.4
93 34.90 78.89 125114.9
94 40.24 140.15 45917.9
94 6.14 108.84 73995.4
94 89.51 96.63 143123.6
94 34.85 78.88 142650.7
94 28.51 69.95 28504.3
94 99.11 45.15 54195.0
95 6.11 108.88 391328.7
95 57.45 102.86 67019.1
95 89.53 96.57 131671.5
95 5.54 73.27 155355.2
95 28.40 70.00 138472.6
95 99.00 45.29 147556.9
95 95.36 30.51 39569.2
96 95.29 108.42 52965.7
96 6.10 108.88 178600.8
96 57.43 102.89 144345.6
96 89.54 96.50 145264.2
96 5.54 73.29 149649.3
96 28.44 70.07 24764.9
96 95.38 30.50 38291.0
97 57.43 102.82 148545.4
97 89.54 96.59 70407.2
97 57.42 79.76 74304.7
97 5.44 73.23 45042.7
98 57.50 102.75 154236.6
98 19.48 93.01 17794.8
98 57.37 79.75 160399.2
99 57.44 102.80 97641.5
99 57.43 79.79 134219.5
99 105.07 35.62 24302.3
99 78.28 5.51 11534.1
100 38.36 110.05 197897.6
100 57.37 79.79 135333.2
100 135.25 73.40 42460.0
100 12.45 59.81 70751.8
101 38.27 110.02 190245.0
101 57.41 79.74 143495.0
101 12.59 59.71 85883.5
102 56.10 133.51 42225.3
102 38.37 109.98 177585.9
102 57.39 79.75 149409.3
102 115.33 14.54 47734.8
103 38.30 110.01 185081.4
103 31.78 81.42 102914.5
103 57.39 79.74 134583.4
103 108.66 66.62 54656.4
103 115.40 14.45 155985.9
104 56.34 133.61 41142.8
104 15.43 126.72 66500.4
104 91.30 124.13 65416.1
104 38.36 110.04 178633.6
104 31.78 81.36 34576.5
104 57.36 79.71 148637.3
104 108.52 66.72 83773.6
104 46.92 47.79 14222.2
104 115.25 14.49 154118.2
105 56.10 133.71 114421.7
105 91.22 124.12 53241.8
105 38.32 110.09 191675.2
105 57.33 79.76 115306.2
105 115.28 14.44 94053.9
106 56.18 133.72 115660.0
106 38.38 110.03 174426.4
106 22.83 81.01 133685.0
106 83.50 42.98 114645.2
107 56.17 133.70 114839.8
107 38.19 110.06 197177.6
107 22.88 81.06 121559.4
107 83.55 43.04 115940.4
108 56.17 133.65 113617.2
108 88.27 133.04 22349.2
108 38.36 110.02 182771.7
108 22.85 81.02 129643.9
108 70.16 58.40 63758.4
108 83.60 43.12 76663.4
109 56.23 133.67 118993.5
109 38.36 110.06 190314.5
109 52.06 104.71 20497.9
109 22.93 81.06 48805.5
109 133.08 77.79 18926.9
109 84.17 76.35 21604.4
110 93.06 140.08 109916.9
110 56.25 133.66 35788.6
110 38.35 110.04 189778.0
111 38.34 110.06 188582.5
111 59.45 92.74 42133.8
111 69.15 56.94 77600.8
112 131.86 103.75 28567.8
112 68.93 56.89 17399.0
112 55.81 15.07 71641.3
113 40.64 69.27 26005.2
113 55.75 15.05 68462.7
114 40.68 69.35 34825.9
115 15.59 99.83 0.0
115 115.45 87.84 22759.2
116 78.63 124.66 29951.8
116 13.41 110.20 11470.9
116 20.92 63.76 51761.6
116 102.60 44.54 3890.2
116 106.52 15.52 15672.3
117 93.11 140.09 123221.0
117 78.61 124.56 29873.9
117 20.80 63.70 148436.9
118 80.48 95.32 44710.8
118 20.76 63.67 132494.6
118 102.16 21.68 63523.2
119 17.35 136.42 122512.7
119 20.93 63.69 67750.5
119 85.73 25.59 19720.1
119 101.85 21.94 18859.3
119 7.44 17.01 23749.3
119 140.04 6.01 75942.7
120 17.38 136.35 113690.3
120 20.61 63.69 27248.5
120 85.77 25.40 142386.7
120 6.94 17.13 163637.0
120 140.08 5.89 118804.4
121 17.46 136.38 107811.4
121 38.01 81.42 61954.3
121 85.76 25.44 148398.4
121 7.05 17.14 155615.9
121 28.37 16.58 51910.4
122 17.35 136.36 116315.0
122 8.38 120.90 25057.8
122 38.09 81.37 121311.3
122 86.00 25.30 20128.5
122 7.01 17.10 153393.5
122 28.37 16.52 289636.0
123 17.34 136.25 37436.8
123 38.06 81.54 54952.7
123 43.33 71.17 16187.3
123 7.02 17.12 57814.8
123 28.31 16.55 188197.4
124 70.58 124.46 87418.2
124 56.44 112.90 143347.4
124 28.33 16.53 92485.1
125 70.62 124.51 119039.4
125 62.06 84.09 169201.4
125 93.70 69.92 16285.0
125 28.41 16.64 50694.9
126 51.69 97.52 355884.0
127 51.61 97.47 74909.0
127 121.91 33.26 89080.0
127 93.39 30.53 39695.4
127 87.16 19.17 68272.9
128 51.74 97.59 35460.3
128 83.46 43.30 50978.2
128 121.88 33.26 130841.5
128 93.22 30.17 21275.2
128 87.13 19.01 50893.1
129 51.73 97.54 40772.7
129 83.56 43.19 83826.8
129 126.98 35.95 15817.0
129 33.35 31.22 25776.6
130 110.55 102.37 53676.0
130 51.69 97.45 37383.0
130 83.38 43.27 31964.4
130 127.14 36.07 155857.0
130 41.39 16.68 179392.3
131 110.55 102.34 86518.8
131 51.82 97.56 34648.3
131 13.05 58.13 54011.0
131 127.18 36.11 138825.9
131 41.38 16.73 265688.2
131 84.61 6.86 67277.2
131 57.73 6.04 17180.3
132 42.90 71.33 27806.3
132 127.17 36.11 136021.2
132 41.35 16.61 90575.0
132 84.57 6.86 70589.0
133 8.29 119.07 31819.6
133 61.96 84.17 60175.3
133 43.07 71.31 154659.5
133 127.15 36.07 287715.8
133 84.53 6.84 71256.9
134 100.38 135.79 32529.0
134 19.43 122.18 14609.6
134 8.23 118.94 54847.1
134 61.96 84.07 182486.1
134 43.09 71.25 124782.7
134 127.12 36.14 82523.6
134 84.46 6.96 17916.6
135 94.19 97.72 86577.9
135 65.15 91.79 33470.9
135 61.99 84.16 177296.6
136 94.39 97.82 78425.8
136 61.96 84.11 173315.7
136 94.37 54.36 90744.3
137 94.20 97.91 10366.2
137 61.97 84.18 179216.9
137 94.46 54.30 78516.5
138 99.15 130.17 50561.7
138 35.80 129.81 10660.3
138 61.85 84.05 38678.7
138 6.96 78.43 44271.6
138 63.83 74.42 14302.3
138 99.52 50.54 53705.5
139 99.20 130.06 203476.7
139 75.71 127.11 76798.4
139 96.48 61.37 19065.4
140 75.78 127.12 171058.2
141 75.71 127.22 163840.5
142 75.75 127.16 165845.4
142 97.57 94.84 48970.5
142 40.79 62.16 22838.2
143 31.04 81.60 1798.6
143 63.41 55.76 0.0
143 41.41 23.24 51601.3
144 71.59 102.84 98461.6
144 29.67 93.48 27500.1
144 70.67 76.09 19373.1
144 110.15 38.22 8795.4
144 41.35 23.31 150284.5
145 71.76 102.90 78404.4
145 107.05 63.61 130847.0
145 72.40 36.84 111450.8
145 41.41 23.29 154281.4
146 76.29 136.30 92801.8
146 107.02 63.61 119897.2
146 72.35 36.82 121249.4
146 41.31 23.32 163878.3
146 112.30 17.73 109923.2
147 76.29 136.31 150358.5
147 68.22 56.85 14176.4
147 72.41 36.86 131646.4
147 41.23 23.54 35048.0
147 24.15 14.34 102929.3
148 76.26 136.22 23273.1
148 78.88 99.62 4024.0
148 68.45 56.82 12371.3
148 72.29 36.74 19929.2
148 107.17 16.68 41133.2
149 17.95 101.25 15815.2
149 62.00 72.29 12154.7
149 95.75 62.73 5331.8
149 107.28 16.58 38569.2
150 18.14 101.16 44015.0
150 94.45 30.52 33098.8
150 107.10 16.50 43757.0
151 125.67 139.81 109542.2
151 103.35 42.40 98522.8
152 125.65 139.79 151717.9
152 70.08 125.70 93157.0
152 105.96 85.83 50465.8
152 103.37 42.48 143506.1
152 122.98 30.23 37887.7
153 125.56 139.78 143601.9
153 70.05 125.65 124032.2
153 103.35 42.43 159659.8
153 122.87 29.85 226684.7
153 41.34 23.28 55764.2
154 70.10 125.63 118190.5
154 48.69 118.49 205468.6
154 33.78 99.22 154886.4
154 11.99 86.60 101847.7
154 103.32 42.52 165033.8
154 122.79 29.72 255749.9
154 41.30 23.16 127930.8
155 69.97 125.68 42762.0
155 48.67 118.55 218064.9
155 33.68 99.18 71840.7
155 11.94 86.58 79270.3
155 103.35 42.43 157011.8
155 122.82 29.73 260822.2
155 41.34 23.19 129037.2
156 48.67 118.54 229296.8
156 103.39 42.37 154421.4
156 122.89 29.97 188827.2
156 41.35 23.23 115708.2
157 48.71 118.53 182078.8
157 103.30 42.47 164932.0
158 48.70 118.57 120761.2
158 103.35 42.40 167575.3
158 103.72 36.21 92979.8
158 90.67 4.90 27146.0
159 103.34 42.47 152541.4
159 42.32 8.63 6797.0
160 52.33 101.64 24104.2
160 60.91 24.81 60357.8
160 41.54 8.05 4827.3
161 52.49 101.84 26578.7
161 32.41 81.36 26721.8
161 102.13 10.97 163652.9
162 32.36 81.36 171520.6
162 102.15 11.04 188044.8
163 8.05 120.88 12706.3
163 52.39 101.79 26501.8
163 32.33 81.37 54219.1
163 27.54 34.05 44555.2
163 102.15 11.00 187992.8
163 42.10 8.62 18413.9
164 11.73 60.49 28348.1
164 66.40 41.06 52105.3
164 27.64 34.20 198373.7
164 67.49 16.89 131336.7
164 102.22 10.98 150815.6
165 66.45 41.06 114718.1
165 27.62 34.28 197918.8
165 67.46 16.75 124321.9
165 41.53 8.50 11843.3
166 6.07 73.66 148080.8
166 18.68 54.54 42838.8
166 66.43 41.03 111896.5
166 27.64 34.47 33762.9
166 67.43 16.88 135108.4
166 42.17 8.45 16499.4
167 56.08 133.57 77923.2
167 5.99 73.62 158059.2
167 18.60 54.52 136306.2
167 66.42 41.09 116179.3
167 41.78 8.40 10526.0
168 56.21 133.66 123345.0
168 64.70 106.73 24689.9
168 102.22 86.54 175334.6
168 5.92 73.59 47259.2
168 18.54 54.53 145293.5
168 55.53 51.70 68052.7
168 66.45 41.05 139856.4
168 41.90 7.91 11467.2
169 56.21 133.57 131596.9
169 83.53 107.54 126562.9
169 102.21 86.60 175677.0
169 18.54 54.53 24967.6
169 55.43 51.84 121265.0
169 66.30 41.07 54852.6
169 57.97 37.11 27310.9
169 41.41 8.46 15179.3
170 56.13 133.56 127258.0
170 69.84 115.19 131932.4
170 6.06 109.05 72616.7
170 83.52 107.47 152863.9
170 102.22 86.60 146067.2
170 55.53 51.90 120371.1
170 58.09 37.12 134010.9
171 56.12 133.66 82447.4
171 69.85 115.10 176031.0
171 6.02 108.95 157033.8
171 83.53 107.45 155799.9
171 14.56 93.64 97084.0
171 89.99 83.87 25229.2
171 138.54 77.58 89454.0
171 55.55 51.84 132423.8
171 58.09 37.07 126456.7
172 69.79 115.19 171475.2
172 104.29 110.24 114999.2
172 5.99 109.01 159504.8
172 83.54 107.49 156907.6
172 14.44 93.71 42788.0
172 138.53 77.58 194834.0
172 55.52 51.77 135472.8
172 58.15 37.06 128941.0
173 127.39 131.81 46413.2
173 6.05 109.05 141184.2
173 83.50 107.49 158900.5
173 138.87 77.86 180043.0
173 57.32 78.75 117427.3
173 55.58 51.76 59041.4
173 102.87 49.46 16289.4
173 58.06 37.10 133841.2
174 127.24 131.76 110033.6
174 33.29 110.61 46940.8
174 83.52 107.50 159014.6
174 138.94 78.06 226470.3
174 57.28 78.75 132698.2
174 102.79 49.54 184039.9
174 58.08 37.07 129922.9
175 86.10 138.56 7545.3
175 127.20 131.68 44872.4
175 56.65 112.79 68842.1
175 33.34 110.78 44793.5
175 83.51 107.44 57998.7
175 57.36 78.77 129716.5
175 138.51 77.70 283613.4
175 58.08 37.11 129895.6
175 42.79 29.96 39169.0
175 82.80 10.26 85775.9
176 86.29 138.05 8744.8
176 33.32 110.78 38929.5
176 57.46 78.78 118053.3
176 138.51 77.65 334577.5
176 58.04 37.17 54784.5
176 82.67 10.22 114973.5
176 105.03 6.72 83487.3
177 103.74 128.00 26942.0
177 33.29 110.58 50988.0
177 57.28 78.81 122474.1
177 138.55 77.71 292012.7
177 45.36 54.56 24768.0
177 82.78 10.24 105112.0
178 15.46 126.89 104428.6
178 33.42 110.68 26187.4
178 57.29 78.80 120357.1
178 138.53 77.68 301023.2
178 82.70 10.33 78304.4
179 15.51 126.75 137582.7
179 77.52 117.30 39472.3
179 122.97 112.05 44877.4
179 57.38 78.75 113043.0
179 138.63 77.63 16104.4
179 82.72 10.20 98437.5
179 41.36 8.97 10043.8
180 15.59 126.69 72580.1
180 77.45 117.19 18400.1
180 57.37 78.79 118887.5
180 108.59 66.79 64983.3
180 98.96 45.43 13857.4
180 82.83 10.20 59536.0
180 41.79 9.03 6911.8
181 41.03 100.80 94817.3
181 57.33 78.77 127822.3
181 132.29 60.63 92586.4
181 82.81 10.23 42902.4
181 41.90 9.21 10786.5
182 121.96 123.55 70645.4
182 41.04 100.66 136692.5
182 57.37 78.80 133370.7
182 67.61 20.12 9525.2
182 82.81 10.19 39745.3
183 86.29 138.01 2077.2
183 41.04 100.63 153047.2
183 129.88 93.99 117916.1
183 57.45 78.69 70530.9
183 103.62 43.12 54824.4
183 82.55 10.26 39831.3
184 41.05 100.65 151820.8
184 135.53 77.98 77276.3
184 103.70 43.06 131192.0
184 82.83 10.14 41778.4
185 39.88 129.06 114791.8
185 41.06 100.64 114896.3
185 103.70 43.00 132713.4
185 68.48 19.62 9301.2
185 82.88 10.29 40472.2
186 25.06 133.41 45296.0
186 39.90 129.11 268912.9
186 88.65 43.89 85210.1
186 82.80 10.26 67919.9
187 25.15 133.57 115010.0
187 39.89 129.10 221309.2
187 54.00 95.66 151057.3
187 50.17 53.51 92561.8
187 122.53 28.95 22961.6
187 82.78 10.27 115683.9
188 95.06 134.24 42666.6
188 39.90 129.12 261111.4
188 132.76 127.24 111354.8
188 54.01 95.65 159295.8
188 50.25 53.46 193752.0
188 82.76 10.25 112820.4
189 37.18 138.73 29523.3
189 39.91 129.08 209572.9
189 132.77 127.24 147920.7
189 50.17 53.44 193332.4
189 82.80 10.21 105044.1
190 40.01 129.03 62231.8
190 132.80 127.01 248208.5
190 64.58 95.42 115264.9
190 50.26 53.42 180966.4
190 82.69 10.26 116220.0
191 132.89 127.35 181546.0
191 109.94 102.77 74916.7
191 64.80 95.32 21182.0
191 34.93 78.96 78592.1
191 50.20 53.43 187682.2
191 15.04 37.20 87278.8
191 123.94 36.85 37937.0
191 82.68 10.14 112133.7
192 133.84 131.54 127901.6
192 109.89 102.70 123931.9
192 50.27 53.49 185233.6
193 133.74 131.52 121291.3
193 45.05 114.86 85915.0
193 109.93 102.78 134797.8
193 15.26 93.99 21410.0
193 50.28 53.50 193759.0
193 10.49 31.09 18528.4
193 83.04 5.44 53746.0
194 86.62 138.73 7341.4
194 133.80 131.48 128656.9
194 45.12 114.75 149041.8
194 93.74 57.22 24343.5
194 68.03 19.60 9364.5
194 83.17 5.38 153026.2
195 86.18 138.55 10415.2
195 56.40 133.60 20690.0
195 133.74 131.48 131412.7
195 45.08 114.75 153326.6
195 91.02 84.36 71742.1
195 99.13 65.56 14322.6
195 83.13 5.35 135791.7
196 86.63 138.53 14240.2
196 56.20 133.79 109078.0
196 133.84 131.44 135202.3
196 45.15 114.76 147473.4
197 86.19 138.04 7394.6
197 56.20 133.76 112927.5
197 133.81 131.52 142765.6
197 45.12 114.79 165970.1
198 86.29 138.67 13528.7
198 56.22 133.71 122678.8
198 133.80 131.45 117914.3
198 45.12 114.74 165838.6
198 76.80 60.64 116110.4
198 39.10 22.68 21362.5
199 86.58 138.97 11939.0
199 56.21 133.85 123697.6
199 133.87 131.51 116404.6
199 45.12 114.81 29838.0
199 108.79 87.77 53678.6
199 76.79 60.64 137514.8
200 86.18 138.57 14521.7
200 56.22 133.77 109142.9
200 133.78 131.53 119211.5
200 108.86 87.78 113857.4
201 86.22 139.02 15980.8
201 62.61 133.39 112540.4
201 133.80 131.47 216066.4
201 108.85 87.78 110215.0
201 24.52 14.97 15696.3
201 138.81 8.13 46136.2
202 8.24 134.66 63157.3
202 62.61 133.47 115409.4
202 25.14 133.56 87617.6
202 133.75 131.50 412862.0
202 108.82 87.72 113829.7
202 58.07 80.31 112133.2
203 8.30 134.64 114987.8
203 62.63 133.40 52363.0
203 25.13 133.58 149372.2
203 133.80 131.51 397568.2
203 108.84 87.76 108656.1
203 58.12 80.35 159516.6
203 99.22 65.50 53241.3
204 8.32 134.64 121168.4
204 25.17 133.64 133586.9
204 133.77 131.51 393290.4
204 29.84 94.73 58082.7
204 58.17 80.42 179980.1
204 99.28 65.45 131844.8
205 8.36 134.70 108337.6
205 25.08 133.60 140690.6
205 133.77 131.48 407408.0
205 90.20 96.81 36632.6
205 29.87 94.72 131780.6
205 58.08 80.35 209409.0
205 23.32 49.68 147696.2
206 8.38 134.62 103521.6
206 133.80 131.51 391651.6
206 83.82 124.40 36967.9
206 90.20 96.61 206847.3
206 29.85 94.72 119754.6
206 65.17 91.98 174522.4
206 58.12 80.41 200014.1
207 133.78 131.48 402238.2
207 90.27 96.65 119672.2
207 58.08 80.38 192718.9
208 133.78 131.52 385560.6
208 58.13 80.44 138853.9
208 91.14 21.13 20829.1
209 133.79 131.48 393569.2
210 133.80 131.51 381142.5
210 45.24 114.78 56644.5
210 80.62 95.26 55251.0
211 133.79 131.39 240201.8
211 45.13 114.78 151912.9
211 5.21 89.48 25723.9
211 102.02 24.97 28967.2
211 53.29 12.99 65562.8
212 45.12 114.73 167203.8
212 73.51 79.46 18349.8
212 115.31 14.60 103054.8
212 53.14 12.97 85241.8
212 102.09 11.07 25111.5
213 45.11 114.73 160469.6
213 90.23 78.86 23689.5
213 117.75 76.54 106828.5
213 135.16 59.02 14433.0
213 53.59 50.92 87246.2
213 115.33 14.57 122507.3
214 70.40 125.10 78249.0
214 45.14 114.78 168507.4
214 38.41 110.15 99409.8
214 117.85 76.52 166640.6
214 115.37 14.48 126376.9
215 70.51 125.01 113859.2
215 45.09 114.76 163733.4
215 63.43 88.26 58432.3
215 117.79 76.57 158734.4
215 115.36 14.56 121260.5
216 70.49 125.16 118993.0
216 45.16 114.75 135399.4
216 63.57 88.31 42204.3
216 117.90 76.59 122053.6
216 115.32 14.49 115124.7
217 70.52 125.06 108260.4
217 45.12 114.78 149516.4
217 104.21 110.71 122655.1
217 128.34 106.12 42440.1
217 122.82 74.01 37852.9
217 121.57 60.43 8154.6
217 115.27 14.48 122155.4
218 70.48 125.19 115970.8
218 45.16 114.78 156669.8
218 104.24 110.71 115320.8
218 36.81 25.15 98800.2
218 115.40 14.53 98738.1
218 69.42 8.83 45065.4
219 70.52 125.07 109261.6
219 45.10 114.70 48850.6
219 104.18 110.59 102472.2
219 36.76 25.09 67501.3
220 5.34 136.23 19765.7
220 70.46 125.07 111686.4
220 104.25 110.69 123047.1
221 70.39 125.09 103109.2
221 104.25 110.67 85302.2
221 100.87 96.36 87199.6
222 70.52 125.09 98286.3
222 69.87 115.81 80182.7
222 100.93 96.18 106455.6
222 54.57 96.00 77913.1
222 78.56 64.98 22148.2
223 70.51 124.99 99429.1
223 69.83 115.83 114205.0
223 100.91 96.22 95813.0
223 138.18 84.18 29525.3
223 133.31 72.67 15895.8
223 34.53 30.56 90037.5
224 70.41 125.12 101592.9
224 69.86 115.85 112236.8
224 100.80 96.30 97414.2
224 29.90 94.75 39110.8
224 72.09 74.24 349979.8
224 114.45 69.31 47297.3
224 34.53 30.57 88099.3
224 130.17 17.81 31198.9
225 70.49 125.07 99258.9
225 69.98 115.80 107559.4
225 100.92 96.22 103617.2
225 29.81 94.77 167272.3
225 72.04 74.24 312451.3
225 34.43 30.64 95514.6
226 70.48 124.94 78275.3
226 69.88 115.87 48333.4
226 100.87 96.13 45380.8
226 29.77 94.72 143415.3
226 82.66 85.27 42839.0
226 72.12 74.32 398879.8
226 34.56 30.61 94582.1
227 82.71 85.17 35643.4
227 72.19 75.05 8693.0
227 70.69 60.61 120400.3
227 34.46 30.51 81622.1
227 58.06 16.04 38524.3
228 70.72 60.63 148578.4
228 34.52 30.62 83447.2
228 58.10 16.11 30106.6
229 81.05 70.61 93595.6
229 70.76 60.61 155962.0
229 122.07 33.12 140601.0
229 34.45 30.63 82444.8
229 58.26 16.09 29712.7
230 102.46 87.94 81267.1
230 81.05 70.68 168453.2
230 70.68 60.62 148329.4
230 69.76 40.09 28239.8
230 122.11 33.14 149783.8
230 80.37 33.15 87627.9
230 95.01 31.77 195341.2
230 34.46 30.72 88885.5
230 58.04 16.14 27925.4
231 134.89 101.91 150532.2
231 81.03 70.72 141000.6
231 70.70 60.67 155269.9
231 69.46 40.10 90984.9
231 122.02 33.16 132268.5
231 80.40 33.15 152767.8
231 95.04 31.77 140380.8
231 34.49 30.55 81176.8
232 134.81 102.01 106677.2
232 119.93 98.87 129501.7
232 70.68 60.59 158777.3
232 122.04 33.22 122300.4
232 80.33 33.16 158121.7
232 34.56 30.60 82881.3
233 78.82 124.90 42309.9
233 75.55 115.05 88057.7
233 120.03 98.79 145155.4
233 70.64 60.62 165638.4
233 122.06 33.14 140898.2
233 80.36 33.17 151313.0
233 34.45 30.56 88363.7
234 78.74 124.85 143098.8
234 75.43 115.12 178522.6
234 119.99 98.70 93739.4
234 18.93 77.79 80913.2
234 70.66 60.65 172686.4
234 122.03 33.18 139472.0
234 80.38 33.12 162664.6
234 34.51 30.58 83207.1
235 78.74 124.87 157341.4
235 74.92 114.75 201339.6
235 112.65 87.42 146939.6
235 61.28 67.51 81477.0
235 70.67 60.68 66632.6
235 122.02 33.19 134256.6
235 80.43 33.15 169065.9
235 128.32 32.41 79830.5
235 34.38 30.55 84479.0
236 78.71 124.81 142332.8
236 73.58 113.88 159356.0
236 112.57 87.38 155155.6
236 61.33 67.47 137121.3
236 106.73 56.13 32747.0
236 122.04 33.19 135983.8
236 80.37 33.15 157725.7
236 128.31 32.46 141466.6
236 34.47 30.59 87260.3
237 78.76 124.90 156497.4
237 115.50 114.89 42831.3
237 73.52 113.85 136518.3
237 61.32 67.51 110210.3
237 106.76 56.38 78272.5
237 122.07 33.15 141561.0
237 80.41 33.17 156088.2
237 34.59 30.53 82943.5
238 81.01 139.82 27064.7
238 78.75 124.90 153870.0
238 115.36 114.95 129931.8
238 61.26 67.48 121771.0
238 106.88 63.54 121085.4
238 13.24 62.28 35805.3
238 106.72 56.30 146872.1
238 122.08 33.15 126672.8
238 80.40 33.14 152284.5
238 34.47 30.56 89139.3
238 132.05 5.79 56053.3
239 78.75 124.85 145148.2
239 28.95 117.12 54929.1
239 121.70 103.10 113877.0
239 81.03 70.72 190967.0
239 61.31 67.44 127449.6
239 106.97 63.57 137399.1
239 76.87 60.60 82925.7
239 106.75 56.35 135579.6
239 80.41 33.16 160993.2
239 34.45 30.53 112191.0
240 78.74 124.87 147581.0
240 28.98 117.08 216156.4
240 111.12 85.15 65552.1
240 81.00 70.70 184069.1
240 61.33 67.50 122305.1
240 106.98 63.58 131884.6
240 106.79 56.29 124906.6
240 80.41 33.17 172313.6
240 34.53 30.59 43787.1
240 42.14 8.12 33497.2
241 78.74 124.90 141107.8
241 29.00 117.03 242594.0
241 111.07 85.09 150022.4
241 81.01 70.72 137170.0
241 61.30 67.44 134366.9
241 58.17 36.83 20718.0
242 78.81 124.87 144059.5
242 29.01 117.08 247229.1
242 111.13 85.17 169820.0
242 82.86 84.84 138359.5
242 61.27 67.44 124433.9
242 132.56 64.35 52549.3
242 106.13 56.47 45440.3
242 129.87 55.21 34185.6
242 115.68 49.79 29178.4
243 78.69 124.90 49926.8
243 111.06 85.16 133262.3
243 82.81 84.77 36781.9
243 61.32 67.48 129088.6
243 106.10 56.49 166756.1
243 115.70 49.75 29833.7
244 90.27 121.86 2154.4
244 57.09 113.23 17294.8
244 61.31 67.44 124055.9
244 105.98 56.50 15059.0
244 43.65 28.93 67231.6
245 97.88 109.97 9054.6
245 53.11 74.78 17678.3
245 61.30 67.51 120857.4
245 43.66 28.98 145449.6
245 57.34 28.95 23530.7
245 53.29 12.19 36351.9
246 84.11 87.09 19728.6
246 52.87 75.21 164225.9
246 61.28 67.47 124421.8
246 57.35 29.02 136379.0
246 43.83 28.96 13278.4
246 53.15 12.30 138961.4
247 52.91 75.11 159279.5
247 61.31 67.49 121712.9
247 108.36 36.42 114239.3
247 57.39 28.98 121766.0
247 53.18 12.28 131912.9
247 40.18 11.38 21562.1
248 84.07 87.04 20963.1
248 52.94 75.15 160709.0
248 108.31 36.31 172379.8
248 53.14 12.29 140822.6
248 43.02 11.37 128557.8
249 84.23 87.03 19064.7
249 52.86 75.13 165362.5
249 108.31 36.35 169087.4
249 53.16 12.27 138157.8
249 42.53 11.33 148871.8
250 84.38 87.13 21084.4
250 52.87 75.15 173560.4
250 108.28 36.34 168960.7
250 53.19 12.22 145490.2
250 40.12 11.47 157086.9
251 38.39 111.93 17606.0
251 84.29 87.01 19482.0
251 52.87 75.18 158975.8
251 108.38 36.34 69119.9
251 53.19 12.20 145517.1
251 40.25 11.51 140911.8
252 4.97 89.61 92923.4
252 84.35 87.19 16024.0
252 52.85 75.17 136971.2
252 53.14 12.22 134156.9
252 40.18 11.50 149788.7
253 21.14 139.61 19284.0
253 57.42 103.51 77471.4
253 98.14 95.30 62284.0
253 84.36 86.85 18683.1
253 53.16 12.28 134642.8
253 40.13 11.48 158720.4
254 20.70 139.63 38455.1
254 57.36 103.47 135439.6
254 134.86 101.38 66620.3
254 98.02 95.25 104050.0
254 29.69 93.66 49019.8
254 83.85 87.24 17682.3
254 67.79 61.58 40887.4
254 53.29 12.35 70416.5
254 40.15 11.51 157820.8
255 57.40 103.50 119741.8
255 29.77 93.65 161043.6
255 67.88 61.55 15148.2
255 12.56 37.58 33517.4
255 40.72 23.45 124308.1
255 58.11 16.36 24142.0
255 40.19 11.49 174891.5
256 17.65 103.64 23836.2
256 97.59 94.92 147659.9
256 29.67 93.73 168516.3
256 12.71 37.63 81377.6
256 40.68 23.44 122949.4
256 29.46 19.07 45853.7
256 57.83 16.33 15193.8
256 40.11 11.51 172314.1
256 83.86 8.66 43928.6
257 97.51 94.84 89815.7
257 29.73 93.59 108549.3
257 12.77 37.63 72646.1
257 19.75 34.96 29572.7
257 40.73 23.45 119021.9
257 60.54 11.49 39106.4
257 40.16 11.46 149111.0
257 83.92 8.59 113204.7
258 31.75 74.21 22224.0
258 12.70 37.59 77814.4
258 40.67 23.42 122027.4
258 60.67 11.39 109199.7
258 83.95 8.57 62530.2
259 131.05 109.35 108940.4
259 128.10 73.47 17922.0
259 12.65 37.73 49255.5
259 40.64 23.38 123320.8
259 60.67 11.41 116969.0
260 131.05 109.25 74760.3
260 128.23 73.28 72361.7
260 12.75 37.52 53381.6
260 40.68 23.36 112683.4
260 60.70 11.39 69988.3
261 135.19 103.85 148267.5
261 128.39 73.19 18679.3
261 12.69 37.60 46865.7
261 42.55 35.07 825.8
261 58.03 15.96 22448.8
262 113.87 119.15 452.3
262 39.08 101.37 5897.8
262 110.19 95.99 4240.8
262 64.69 78.55 0.0
262 59.99 74.51 1988.4
262 91.49 64.33 10322.8
262 50.43 60.28 6590.0
262 46.18 47.24 32.0
262 93.60 44.23 5611.8
262 35.71 44.15 3415.1
262 100.07 43.78 4085.9
262 12.75 37.79 49897.8
262 60.77 26.14 1306.8
262 58.11 16.27 17722.6
263 76.68 137.69 3829.7
263 96.12 129.02 0.0
263 69.28 123.40 3788.4
263 46.75 108.47 0.0
263 107.03 107.87 49604.6
263 83.23 107.22 2690.7
263 9.04 89.89 2518.9
263 4.93 69.94 4275.8
263 80.67 48.67 415.1
263 12.72 37.59 36966.2
263 63.72 32.89 3296.0
263 135.85 20.91 2357.8
263 58.06 16.09 14820.2
264 106.94 63.46 52256.3
264 12.67 37.64 130551.0
264 58.00 16.27 24657.8
265 131.15 109.16 45786.6
265 106.94 63.45 135812.8
265 35.68 29.60 206362.0
265 57.93 16.25 23377.9
266 131.06 109.31 134620.7
266 106.90 63.48 114824.9
266 35.68 29.62 254825.8
267 131.04 109.28 157186.4
267 106.91 63.53 125929.3
267 35.70 29.65 282896.0
268 131.09 109.27 159220.7
268 106.92 63.47 130978.7
268 35.68 29.66 266307.2
269 131.11 109.25 158845.8
269 127.33 96.36 111570.5
269 95.63 80.18 13078.2
269 106.89 63.29 34944.8
269 35.69 29.64 120227.4
269 29.72 5.38 82491.0
270 131.03 109.33 145251.4
270 111.13 102.12 24709.8
270 127.32 96.33 195146.0
270 120.75 32.99 159699.8
270 29.81 5.38 118543.7
271 131.02 109.24 136746.5
271 111.13 102.18 137886.6
271 121.60 64.51 67134.7
271 131.30 33.06 25728.2
271 120.70 33.06 161651.1
271 29.81 5.40 123924.3
272 134.71 103.82 20914.2
272 111.14 102.14 20447.4
272 29.87 94.68 155542.3
272 131.37 33.16 220761.2
272 120.64 32.81 20229.0
272 29.79 5.34 127762.2
273 29.79 94.73 158077.3
273 97.80 69.15 78147.2
273 131.28 33.19 233459.8
273 29.84 5.39 122631.0
274 106.03 86.00 39815.2
274 97.82 69.17 112580.5
274 94.80 44.14 80611.8
274 131.35 33.19 223239.5
274 29.78 5.36 121221.5
275 106.15 86.02 114274.8
275 97.81 69.09 108596.0
275 94.74 44.14 125862.2
275 131.36 33.13 232500.0
275 29.81 5.35 120310.4
276 106.05 86.04 120712.0
276 97.75 69.07 110037.4
276 94.78 44.25 158611.1
276 131.35 33.16 223608.6
276 29.76 5.33 118412.3
277 64.76 133.41 31454.0
277 79.40 127.70 35737.2
277 106.00 86.06 52542.2
277 83.13 84.36 96607.5
277 97.72 69.13 49772.0
277 94.74 44.24 145308.8
277 131.34 33.14 210307.2
277 101.85 10.91 118096.0
278 119.93 78.93 18345.2
278 43.10 71.27 139592.9
278 136.18 66.30 42287.2
278 94.76 44.24 156922.6
278 139.70 38.78 120690.3
278 131.35 33.18 232456.3
278 101.80 10.92 122551.0
279 65.75 130.55 96018.9
279 135.36 104.47 16777.7
279 43.04 71.37 117335.1
279 94.81 44.32 68627.4
279 139.72 38.77 133279.0
279 131.32 33.21 233552.0
279 119.48 28.22 76631.4
279 101.84 10.89 124026.9
280 5.28 108.09 99499.8
280 95.76 81.05 15147.1
280 43.04 71.31 135906.5
280 139.72 38.74 165099.0
280 131.32 33.16 219158.6
280 119.45 28.30 105451.6
280 101.86 10.95 69884.1
281 18.89 73.10 104194.2
281 43.06 71.25 127102.0
281 119.94 54.79 27844.8
281 139.69 38.75 173846.2
281 131.35 33.19 211099.7
282 33.68 99.07 43731.6
282 18.77 73.40 16790.8
282 42.98 71.27 114215.6
282 131.95 66.35 34321.4
282 119.92 54.79 183392.2
282 139.71 38.81 162448.6
282 131.35 33.19 185091.0
282 29.59 31.24 7272.7
283 33.64 99.21 164545.2
283 43.08 71.29 123507.2
283 119.94 54.77 160453.8
283 89.39 54.62 85567.4
283 19.09 42.67 57083.9
283 139.76 38.77 173573.9
283 131.40 33.15 178042.7
284 33.85 99.24 57434.0
284 43.10 71.31 138119.4
284 119.93 54.77 156442.4
284 89.40 54.54 343827.0
284 19.19 42.65 116417.8
284 139.72 38.77 181066.0
285 89.36 54.50 319559.2
285 19.13 42.73 111224.9
285 139.71 38.72 198537.7
285 77.12 25.50 24729.6
286 89.37 54.51 334151.1
286 19.23 42.67 126496.8
286 131.37 33.09 199686.2
286 77.31 25.55 19490.9
287 89.34 54.51 325143.9
287 19.13 42.75 63173.8
287 131.34 33.17 97253.7
287 77.49 25.63 23447.2
287 41.31 23.32 88345.4
288 59.73 93.51 72381.6
288 89.38 54.47 291468.3
288 108.31 37.07 26083.9
288 77.14 25.53 26520.8
288 41.38 22.97 18872.0
289 112.64 133.12 27222.5
289 59.77 93.54 187122.2
289 102.21 86.57 46851.2
289 89.38 54.52 76926.6
289 77.49 25.66 24580.6
289 36.70 25.14 146573.4
290 112.43 133.17 139238.0
290 59.74 93.51 182634.3
290 18.58 29.49 46230.2
290 77.17 25.69 21864.4
290 36.69 25.22 139243.9
291 112.38 133.08 136133.0
291 41.14 101.32 82001.7
291 120.29 97.71 12741.2
291 59.74 93.58 163171.8
291 4.98 89.56 25165.1
291 18.46 29.33 207521.6
291 77.01 25.33 23307.4
291 36.62 25.23 63760.5
292 112.38 133.14 136331.5
292 97.70 126.86 23701.4
292 120.15 97.71 18044.4
292 4.97 89.72 100612.8
292 65.72 75.93 128357.5
292 94.48 44.04 197569.4
292 18.41 29.27 95496.0
292 77.21 25.76 26640.3
293 97.64 126.85 152069.9
293 118.22 112.80 35826.0
293 119.87 97.54 19133.4
293 62.00 84.24 44069.3
293 65.74 75.95 110843.7
293 94.50 44.03 64991.0
293 77.37 25.65 28866.2
293 19.74 22.75 5338.5
294 97.62 126.80 171829.9
294 134.80 120.26 71553.0
294 61.98 84.18 154212.2
294 66.01 75.91 18906.3
294 77.32 25.51 25608.4
294 111.41 15.18 40254.6
295 119.86 139.62 80976.8
295 97.55 126.84 162537.4
295 69.90 114.99 59915.4
295 61.92 84.17 157377.7
295 14.78 78.26 12486.1
295 77.44 25.60 33177.6
295 81.81 6.04 81375.0
296 19.89 136.43 46345.2
296 97.65 126.86 156224.3
296 69.79 115.13 143769.0
296 61.96 84.17 102689.3
296 36.16 74.90 31354.6
296 94.51 54.36 94907.1
296 77.32 25.45 12079.9
297 97.61 126.81 150521.9
297 69.81 115.06 134046.0
297 9.23 71.61 45853.6
297 104.51 57.54 33704.4
297 94.50 54.40 130170.2
298 97.67 126.83 149532.3
298 69.76 115.12 52255.3
298 9.38 71.49 45710.4
298 94.40 54.33 133168.5
298 79.01 16.30 55112.0
299 134.75 120.31 210710.6
299 24.35 67.48 17335.4
299 94.47 54.31 85886.1
299 72.03 38.06 74865.8
